# audio_repk map — rebuilt by tools/build_slim_packs.js
# profile=small parts=11 totalSize=88016149 files=999
# format: path|method(0=store,8=deflate)|csize|usize|lhOff|dataOff|dataEnd|partFirst-partLast
# all offsets are logical byte positions in the concatenated part sequence
# every entry is stored (method 0): the media is already compressed
#PART 0 0 8311084 audio_repk.zip.part001
#PART 1 8311084 8251541 audio_repk.zip.part002
#PART 2 16562625 7497915 audio_repk.zip.part003
#PART 3 24060540 8050028 audio_repk.zip.part004
#PART 4 32110568 8299424 audio_repk.zip.part005
#PART 5 40409992 7935645 audio_repk.zip.part006
#PART 6 48345637 8280545 audio_repk.zip.part007
#PART 7 56626182 7300794 audio_repk.zip.part008
#PART 8 63926976 8331359 audio_repk.zip.part009
#PART 9 72258335 8160060 audio_repk.zip.part010
#PART 10 80418395 7597754 audio_repk.zip.part011
audio/bgm/AMB_forest.ogg|0|475211|475211|1|0|475211|0-0
audio/bgm/BATTLE_BEES.ogg|0|99745|99745|2|475211|574956|0-0
audio/bgm/Bride.ogg|0|45210|45210|3|574956|620166|0-0
audio/bgm/Clash of Jash 2.ogg|0|63771|63771|4|620166|683937|0-0
audio/bgm/Gameover.ogg|0|71176|71176|5|683937|755113|0-0
audio/bgm/Gameover2.ogg|0|65673|65673|6|755113|820786|0-0
audio/bgm/Gameover3.ogg|0|86221|86221|7|820786|907007|0-0
audio/bgm/My_Time_Full(SpedUp).ogg|0|853376|853376|8|907007|1760383|0-0
audio/bgm/My_Time_Trailer(SpedUp).ogg|0|427055|427055|9|1760383|2187438|0-0
audio/bgm/SCENE_UpatNightTexture2.ogg|0|291402|291402|10|2187438|2478840|0-0
audio/bgm/SE_lighthouse_foghorn.ogg|0|40987|40987|11|2478840|2519827|0-0
audio/bgm/SPACE ADVENTURES - REALISTIC SPACE SIMULATION.ogg|0|421160|421160|12|2519827|2940987|0-0
audio/bgm/amb_karaoke.ogg|0|109273|109273|13|2940987|3050260|0-0
audio/bgm/amb_tech4.ogg|0|87108|87108|14|3050260|3137368|0-0
audio/bgm/basil DEATH loop.ogg|0|14099|14099|15|3137368|3151467|0-0
audio/bgm/battle_brewin.ogg|0|21034|21034|16|3151467|3172501|0-0
audio/bgm/battle_deep_well2.ogg|0|288455|288455|17|3172501|3460956|0-0
audio/bgm/battle_dinos.ogg|0|138943|138943|18|3460956|3599899|0-0
audio/bgm/battle_dough_dungeon.ogg|0|254805|254805|19|3599899|3854704|0-0
audio/bgm/battle_dw.ogg|0|345928|345928|20|3854704|4200632|0-0
audio/bgm/battle_hooligans.ogg|0|129384|129384|21|4200632|4330016|0-0
audio/bgm/battle_lab.ogg|0|230694|230694|22|4330016|4560710|0-0
audio/bgm/battle_otherworld.ogg|0|227151|227151|23|4560710|4787861|0-0
audio/bgm/battle_pyrefly_forest.ogg|0|486881|486881|24|4787861|5274742|0-0
audio/bgm/battle_snow_forest.ogg|0|401320|401320|25|5274742|5676062|0-0
audio/bgm/battle_sweetheart.ogg|0|285751|285751|26|5676062|5961813|0-0
audio/bgm/battle_vf.ogg|0|276533|276533|27|5961813|6238346|0-0
audio/bgm/boss_OMORI.ogg|0|1020654|1020654|28|6238346|7259000|0-0
audio/bgm/boss_aubrey_church_anxiety.ogg|0|258939|258939|29|7259000|7517939|0-0
audio/bgm/boss_aubrey_park.ogg|0|110869|110869|30|7517939|7628808|0-0
audio/bgm/boss_basil_1.ogg|0|229916|229916|31|7628808|7858724|0-0
audio/bgm/boss_biscuit_doughie.ogg|0|452360|452360|32|7858724|8311084|0-0
audio/bgm/boss_dark.ogg|0|241555|241555|33|8311084|8552639|1-1
audio/bgm/boss_fear_drowning.ogg|0|539972|539972|34|8552639|9092611|1-1
audio/bgm/boss_fear_heights.ogg|0|581914|581914|35|9092611|9674525|1-1
audio/bgm/boss_fear_spiders.ogg|0|553815|553815|36|9674525|10228340|1-1
audio/bgm/boss_hooligans.ogg|0|181164|181164|37|10228340|10409504|1-1
audio/bgm/boss_humphrey1.ogg|0|256571|256571|38|10409504|10666075|1-1
audio/bgm/boss_humphrey2.ogg|0|176272|176272|39|10666075|10842347|1-1
audio/bgm/boss_humphrey3.ogg|0|274234|274234|40|10842347|11116581|1-1
audio/bgm/boss_jawsum.ogg|0|271236|271236|41|11116581|11387817|1-1
audio/bgm/boss_jesse.ogg|0|112371|112371|42|11387817|11500188|1-1
audio/bgm/boss_maximus.ogg|0|163127|163127|43|11500188|11663315|1-1
audio/bgm/boss_perfectheart.ogg|0|361480|361480|44|11663315|12024795|1-1
audio/bgm/boss_pluto.ogg|0|212595|212595|45|12024795|12237390|1-1
audio/bgm/boss_pluto_expanded.ogg|0|485259|485259|46|12237390|12722649|1-1
audio/bgm/boss_slimegirls.ogg|0|425016|425016|47|12722649|13147665|1-1
audio/bgm/boss_something_heartbeat.ogg|0|31488|31488|48|13147665|13179153|1-1
audio/bgm/boss_something_main.ogg|0|1167796|1167796|49|13179153|14346949|1-1
audio/bgm/boss_space_ex_husband.ogg|0|526868|526868|50|14346949|14873817|1-1
audio/bgm/boss_spaceexbf.ogg|0|253021|253021|51|14873817|15126838|1-1
audio/bgm/boss_sweetheart.ogg|0|514840|514840|52|15126838|15641678|1-1
audio/bgm/boss_tech.ogg|0|273183|273183|53|15641678|15914861|1-1
audio/bgm/bs_56_12_2.ogg|0|285130|285130|54|15914861|16199991|1-1
audio/bgm/bs_5ths.ogg|0|362634|362634|55|16199991|16562625|1-1
audio/bgm/bs_aquifer.ogg|0|774942|774942|56|16562625|17337567|2-2
audio/bgm/bs_august_water.ogg|0|346091|346091|57|17337567|17683658|2-2
audio/bgm/bs_bloom.ogg|0|206772|206772|58|17683658|17890430|2-2
audio/bgm/bs_calm.ogg|0|150365|150365|59|17890430|18040795|2-2
audio/bgm/bs_crossroads.ogg|0|473380|473380|60|18040795|18514175|2-2
audio/bgm/bs_distance.ogg|0|63770|63770|61|18514175|18577945|2-2
audio/bgm/bs_drone.ogg|0|164880|164880|62|18577945|18742825|2-2
audio/bgm/bs_entrance.ogg|0|64173|64173|63|18742825|18806998|2-2
audio/bgm/bs_fade.ogg|0|127488|127488|64|18806998|18934486|2-2
audio/bgm/bs_fleur.ogg|0|192948|192948|65|18934486|19127434|2-2
audio/bgm/bs_friend1.ogg|0|354783|354783|66|19127434|19482217|2-2
audio/bgm/bs_friend2.ogg|0|484594|484594|67|19482217|19966811|2-2
audio/bgm/bs_glade.ogg|0|254496|254496|68|19966811|20221307|2-2
audio/bgm/bs_hospital.ogg|0|115785|115785|69|20221307|20337092|2-2
audio/bgm/bs_jungle_cruise.ogg|0|513440|513440|70|20337092|20850532|2-2
audio/bgm/bs_listening.ogg|0|246235|246235|71|20850532|21096767|2-2
audio/bgm/bs_loop2.ogg|0|131260|131260|72|21096767|21228027|2-2
audio/bgm/bs_loop3.ogg|0|168817|168817|73|21228027|21396844|2-2
audio/bgm/bs_loop4.ogg|0|24109|24109|74|21396844|21420953|2-2
audio/bgm/bs_loop7.ogg|0|132575|132575|75|21420953|21553528|2-2
audio/bgm/bs_loop8.ogg|0|119922|119922|76|21553528|21673450|2-2
audio/bgm/bs_loop9.ogg|0|40819|40819|77|21673450|21714269|2-2
audio/bgm/bs_nawa.ogg|0|345870|345870|78|21714269|22060139|2-2
audio/bgm/bs_numbered.ogg|0|740086|740086|79|22060139|22800225|2-2
audio/bgm/bs_orchard.ogg|0|173521|173521|80|22800225|22973746|2-2
audio/bgm/bs_remina.ogg|0|296354|296354|81|22973746|23270100|2-2
audio/bgm/bs_temple.ogg|0|736246|736246|82|23270100|24006346|2-2
audio/bgm/bs_waiting_for.ogg|0|54194|54194|83|24006346|24060540|2-2
audio/bgm/bs_white_pillars.ogg|0|914432|914432|84|24060540|24974972|3-3
audio/bgm/clambox_1.ogg|0|73629|73629|85|24974972|25048601|3-3
audio/bgm/clambox_2.ogg|0|36857|36857|86|25048601|25085458|3-3
audio/bgm/clambox_3.ogg|0|63309|63309|87|25085458|25148767|3-3
audio/bgm/clambox_4.ogg|0|34625|34625|88|25148767|25183392|3-3
audio/bgm/clambox_5.ogg|0|47048|47048|89|25183392|25230440|3-3
audio/bgm/clambox_6.ogg|0|70075|70075|90|25230440|25300515|3-3
audio/bgm/clambox_7.ogg|0|53268|53268|91|25300515|25353783|3-3
audio/bgm/clambox_8.ogg|0|11651|11651|92|25353783|25365434|3-3
audio/bgm/clash of jash title screen.ogg|0|32764|32764|93|25365434|25398198|3-3
audio/bgm/credits_phone_ring.ogg|0|7252|7252|94|25398198|25405450|3-3
audio/bgm/dinos_adventure.ogg|0|181358|181358|95|25405450|25586808|3-3
audio/bgm/dinos_dig.ogg|0|168447|168447|96|25586808|25755255|3-3
audio/bgm/dough_dungeon.ogg|0|266649|266649|97|25755255|26021904|3-3
audio/bgm/duet_mari.ogg|0|155766|155766|98|26021904|26177670|3-3
audio/bgm/dw_abyss.ogg|0|1060881|1060881|99|26177670|27238551|3-3
audio/bgm/dw_depths.ogg|0|706306|706306|100|27238551|27944857|3-3
audio/bgm/dw_jawsums_room.ogg|0|188651|188651|101|27944857|28133508|3-3
audio/bgm/dw_ladder.ogg|0|289880|289880|102|28133508|28423388|3-3
audio/bgm/dw_lair.ogg|0|398697|398697|103|28423388|28822085|3-3
audio/bgm/dw_lair2.ogg|0|339779|339779|104|28822085|29161864|3-3
audio/bgm/dw_last_resort.ogg|0|313807|313807|105|29161864|29475671|3-3
audio/bgm/dw_last_resort_interior.ogg|0|371969|371969|106|29475671|29847640|3-3
audio/bgm/dw_neighbors_room.ogg|0|356563|356563|107|29847640|30204203|3-3
audio/bgm/dw_overworld.ogg|0|323680|323680|108|30204203|30527883|3-3
audio/bgm/dw_resort.ogg|0|313807|313807|105|29161864|29475671|3-3
audio/bgm/dw_underwater_highway.ogg|0|323680|323680|108|30204203|30527883|3-3
audio/bgm/event_bad_morning.ogg|0|167497|167497|109|30527883|30695380|3-3
audio/bgm/event_battlebrewin.ogg|0|26098|26098|110|30695380|30721478|3-3
audio/bgm/event_birthday_memory.ogg|0|282321|282321|111|30721478|31003799|3-3
audio/bgm/event_bride_absolute_evil.ogg|0|160403|160403|112|31003799|31164202|3-3
audio/bgm/event_bride_horrible.ogg|0|133546|133546|113|31164202|31297748|3-3
audio/bgm/event_bride_miraculously_good.ogg|0|176996|176996|114|31297748|31474744|3-3
audio/bgm/event_carryon.ogg|0|391527|391527|115|31474744|31866271|3-3
audio/bgm/event_conga_time.ogg|0|35685|35685|116|31866271|31901956|3-3
audio/bgm/event_ghost_party.ogg|0|208612|208612|117|31901956|32110568|3-3
audio/bgm/event_hanging_with_the_boys.ogg|0|642092|642092|118|32110568|32752660|4-4
audio/bgm/event_mari_drowning.ogg|0|365911|365911|119|32752660|33118571|4-4
audio/bgm/event_maris_theme.ogg|0|352211|352211|120|33118571|33470782|4-4
audio/bgm/event_oldlove.ogg|0|234384|234384|121|33470782|33705166|4-4
audio/bgm/event_puddles.ogg|0|560097|560097|122|33705166|34265263|4-4
audio/bgm/event_sbf_lovesick.ogg|0|298874|298874|123|34265263|34564137|4-4
audio/bgm/event_sw_emotion.ogg|0|263697|263697|124|34564137|34827834|4-4
audio/bgm/event_sw_gameshow.ogg|0|270064|270064|125|34827834|35097898|4-4
audio/bgm/event_sw_tragedy.ogg|0|251624|251624|126|35097898|35349522|4-4
audio/bgm/event_tense.ogg|0|95525|95525|127|35349522|35445047|4-4
audio/bgm/event_theme_ems.ogg|0|99610|99610|128|35445047|35544657|4-4
audio/bgm/event_theme_sweetheart.ogg|0|210467|210467|129|35544657|35755124|4-4
audio/bgm/evil.ogg|0|1606893|1606893|130|35755124|37362017|4-4
audio/bgm/fat_candy.ogg|0|337501|337501|131|37362017|37699518|4-4
audio/bgm/fat_cemetary.ogg|0|130405|130405|132|37699518|37829923|4-4
audio/bgm/fat_cemetary_2.ogg|0|134759|134759|133|37829923|37964682|4-4
audio/bgm/fat_church.ogg|0|237468|237468|134|37964682|38202150|4-4
audio/bgm/fat_ginos_pizza.ogg|0|171064|171064|135|38202150|38373214|4-4
audio/bgm/fat_hardware_store.ogg|0|357889|357889|136|38373214|38731103|4-4
audio/bgm/fat_hobby_shop.ogg|0|242895|242895|137|38731103|38973998|4-4
audio/bgm/fat_lake.ogg|0|131921|131921|138|38973998|39105919|4-4
audio/bgm/fat_omori_house.ogg|0|143040|143040|139|39105919|39248959|4-4
audio/bgm/fat_overworld.ogg|0|330555|330555|140|39248959|39579514|4-4
audio/bgm/fat_playground.ogg|0|553212|553212|141|39579514|40132726|4-4
audio/bgm/fat_recycultist_tower.ogg|0|277266|277266|142|40132726|40409992|4-4
audio/bgm/fat_sunset.ogg|0|607044|607044|143|40409992|41017036|5-5
audio/bgm/fat_supermarket.ogg|0|392463|392463|144|41017036|41409499|5-5
audio/bgm/fat_treehouse.ogg|0|249097|249097|145|41409499|41658596|5-5
audio/bgm/ghost_dance.ogg|0|161077|161077|146|41658596|41819673|5-5
audio/bgm/goofy.ogg|0|241338|241338|147|41819673|42061011|5-5
audio/bgm/hospital_good.ogg|0|244859|244859|148|42061011|42305870|5-5
audio/bgm/jb_banshee.ogg|0|983244|983244|149|42305870|43289114|5-5
audio/bgm/jb_clover.ogg|0|926580|926580|150|43289114|44215694|5-5
audio/bgm/jb_james.ogg|0|1277671|1277671|151|44215694|45493365|5-5
audio/bgm/jb_lumena.ogg|0|534597|534597|152|45493365|46027962|5-5
audio/bgm/jb_madeleine.ogg|0|743016|743016|153|46027962|46770978|5-5
audio/bgm/jb_omniboi.ogg|0|833484|833484|154|46770978|47604462|5-5
audio/bgm/jb_samm.ogg|0|621256|621256|155|47604462|48225718|5-5
audio/bgm/jb_secret.ogg|0|119919|119919|156|48225718|48345637|5-5
audio/bgm/jb_shirpower.ogg|0|1080321|1080321|157|48345637|49425958|6-6
audio/bgm/jb_slimegirls.ogg|0|736752|736752|158|49425958|50162710|6-6
audio/bgm/jb_toby.ogg|0|550292|550292|159|50162710|50713002|6-6
audio/bgm/jb_tofie.ogg|0|774666|774666|160|50713002|51487668|6-6
audio/bgm/jb_voia.ogg|0|707845|707845|161|51487668|52195513|6-6
audio/bgm/lost_library.ogg|0|232032|232032|162|52195513|52427545|6-6
audio/bgm/maverick.ogg|0|68044|68044|163|52427545|52495589|6-6
audio/bgm/mini_sh_powerup.ogg|0|30730|30730|164|52495589|52526319|6-6
audio/bgm/minigame_blackjack.ogg|0|379934|379934|165|52526319|52906253|6-6
audio/bgm/minigame_bride_absolute_evil.ogg|0|160403|160403|112|31003799|31164202|3-3
audio/bgm/minigame_bride_horrible.ogg|0|133546|133546|113|31164202|31297748|3-3
audio/bgm/minigame_hide_seek.ogg|0|305846|305846|166|52906253|53212099|6-6
audio/bgm/minigame_jash1.ogg|0|109545|109545|167|53212099|53321644|6-6
audio/bgm/minigame_jash2.ogg|0|63771|63771|4|620166|683937|0-0
audio/bgm/minigame_jash3.ogg|0|108097|108097|168|53321644|53429741|6-6
audio/bgm/minigame_jash_title.ogg|0|32764|32764|93|25365434|25398198|3-3
audio/bgm/minigame_space.ogg|0|426663|426663|169|53429741|53856404|6-6
audio/bgm/neighbors_room.ogg|0|356563|356563|107|29847640|30204203|3-3
audio/bgm/oo_overworld.ogg|0|410671|410671|170|53856404|54267075|6-6
audio/bgm/ow_cattail_fields.ogg|0|582071|582071|171|54267075|54849146|6-6
audio/bgm/ow_junkyard.ogg|0|348195|348195|172|54849146|55197341|6-6
audio/bgm/ow_outskirts.ogg|0|445121|445121|173|55197341|55642462|6-6
audio/bgm/ow_town.ogg|0|281841|281841|174|55642462|55924303|6-6
audio/bgm/placeholder_aubrey_maybe.ogg|0|80104|80104|175|55924303|56004407|6-6
audio/bgm/placeholder_hooligans.ogg|0|69339|69339|176|56004407|56073746|6-6
audio/bgm/playing_forever.ogg|0|552436|552436|177|56073746|56626182|6-6
audio/bgm/pyrefly_forest.ogg|0|1171964|1171964|178|56626182|57798146|7-7
audio/bgm/room_carefree.ogg|0|373139|373139|179|57798146|58171285|7-7
audio/bgm/room_lively.ogg|0|379361|379361|180|58171285|58550646|7-7
audio/bgm/room_peaceful.ogg|0|387828|387828|181|58550646|58938474|7-7
audio/bgm/room_rustic.ogg|0|384976|384976|182|58938474|59323450|7-7
audio/bgm/room_sleek.ogg|0|345183|345183|183|59323450|59668633|7-7
audio/bgm/sbf_good_times.ogg|0|201440|201440|184|59668633|59870073|7-7
audio/bgm/sbf_trouble.ogg|0|246363|246363|185|59870073|60116436|7-7
audio/bgm/snow_forest.ogg|0|640570|640570|186|60116436|60757006|7-7
audio/bgm/snow_forest_field.ogg|0|382138|382138|187|60757006|61139144|7-7
audio/bgm/snow_forest_top.ogg|0|236903|236903|188|61139144|61376047|7-7
audio/bgm/solo_duet.ogg|0|160602|160602|189|61376047|61536649|7-7
audio/bgm/sproutmole_colony.ogg|0|272294|272294|190|61536649|61808943|7-7
audio/bgm/sw_castle.ogg|0|402831|402831|191|61808943|62211774|7-7
audio/bgm/sw_dungeon.ogg|0|160330|160330|192|62211774|62372104|7-7
audio/bgm/sw_garden.ogg|0|422119|422119|193|62372104|62794223|7-7
audio/bgm/sw_room.ogg|0|481052|481052|194|62794223|63275275|7-7
audio/bgm/theme_basil.ogg|0|321972|321972|195|63275275|63597247|7-7
audio/bgm/theme_basil2.ogg|0|284603|284603|196|63597247|63881850|7-7
audio/bgm/theme_trouble.ogg|0|26098|26098|110|30695380|30721478|3-3
audio/bgm/uat_effects.ogg|0|45126|45126|197|63881850|63926976|7-7
audio/bgm/uat_long_synth.ogg|0|2401267|2401267|198|63926976|66328243|8-8
audio/bgm/uat_texture1.ogg|0|88289|88289|199|66328243|66416532|8-8
audio/bgm/uat_texture2.ogg|0|206658|206658|200|66416532|66623190|8-8
audio/bgm/uat_texture3.ogg|0|315003|315003|201|66623190|66938193|8-8
audio/bgm/uat_vibraphone.ogg|0|229474|229474|202|66938193|67167667|8-8
audio/bgm/user_title.ogg|0|194587|194587|203|67167667|67362254|8-8
audio/bgm/vf_bridge.ogg|0|304573|304573|204|67362254|67666827|8-8
audio/bgm/vf_ladder.ogg|0|578381|578381|205|67666827|68245208|8-8
audio/bgm/vf_overworld.ogg|0|589786|589786|206|68245208|68834994|8-8
audio/bgm/vf_pinwheel.ogg|0|511566|511566|207|68834994|69346560|8-8
audio/bgm/vf_playground.ogg|0|458429|458429|208|69346560|69804989|8-8
audio/bgm/vf_stump.ogg|0|221464|221464|209|69804989|70026453|8-8
audio/bgm/vf_train_station.ogg|0|431483|431483|210|70026453|70457936|8-8
audio/bgm/white_space.ogg|0|58869|58869|211|70457936|70516805|8-8
audio/bgm/whitespace_3.ogg|0|323384|323384|212|70516805|70840189|8-8
audio/bgm/whitespace_4.ogg|0|313985|313985|213|70840189|71154174|8-8
audio/bgm/whitespace_piano.ogg|0|323384|323384|212|70516805|70840189|8-8
audio/bgm/xx_ambient_loop.ogg|0|8355|8355|214|71154174|71162529|8-8
audio/bgm/xx_bugspray.ogg|0|113959|113959|215|71162529|71276488|8-8
audio/bgm/xx_gameover.ogg|0|49690|49690|216|71276488|71326178|8-8
audio/bgm/xx_gameover_piano.ogg|0|86221|86221|7|820786|907007|0-0
audio/bgm/xx_gibs_song.ogg|0|216674|216674|217|71326178|71542852|8-8
audio/bgm/xx_jj_song.ogg|0|46204|46204|218|71542852|71589056|8-8
audio/bgm/xx_mermaid_song.ogg|0|87683|87683|219|71589056|71676739|8-8
audio/bgm/xx_piano_aubrey.ogg|0|68781|68781|220|71676739|71745520|8-8
audio/bgm/xx_piano_hero.ogg|0|88138|88138|221|71745520|71833658|8-8
audio/bgm/xx_piano_kel.ogg|0|43561|43561|222|71833658|71877219|8-8
audio/bgm/xx_piano_omori.ogg|0|87268|87268|223|71877219|71964487|8-8
audio/bgm/xx_pingpong.ogg|0|55638|55638|224|71964487|72020125|8-8
audio/bgm/xx_plutos_ride.ogg|0|173098|173098|225|72020125|72193223|8-8
audio/bgm/xx_recyling.ogg|0|65112|65112|226|72193223|72258335|8-8
audio/bgm/xx_speedup_junkyard.ogg|0|79079|79079|227|72258335|72337414|9-9
audio/bgm/xx_speedup_outskirts.ogg|0|116009|116009|228|72337414|72453423|9-9
audio/bgm/xx_strange_radio_broadcast.ogg|0|538937|538937|229|72453423|72992360|9-9
audio/bgm/|0|0|0|0|0|0|0-0
audio/bgs/AMB_BACON.ogg|0|107297|107297|230|72992360|73099657|9-9
audio/bgs/AMB_BUGS.ogg|0|112447|112447|231|73099657|73212104|9-9
audio/bgs/AMB_QUIETNIGHT.ogg|0|246546|246546|232|73212104|73458650|9-9
audio/bgs/AMB_SLIDE.ogg|0|8423|8423|233|73458650|73467073|9-9
audio/bgs/AMB_cemetary.ogg|0|130405|130405|132|37699518|37829923|4-4
audio/bgs/AMB_clock.ogg|0|29088|29088|234|73467073|73496161|9-9
audio/bgs/AMB_dishes.ogg|0|67308|67308|235|73496161|73563469|9-9
audio/bgs/AMB_fireplace.ogg|0|53886|53886|236|73563469|73617355|9-9
audio/bgs/AMB_forest.ogg|0|480123|480123|237|73617355|74097478|9-9
audio/bgs/AMB_lake.ogg|0|120601|120601|238|74097478|74218079|9-9
audio/bgs/AMB_omori_house.ogg|0|143040|143040|139|39105919|39248959|4-4
audio/bgs/AMB_scary_swell.ogg|0|85176|85176|239|74218079|74303255|9-9
audio/bgs/AMB_slide_ambience.ogg|0|8350|8350|240|74303255|74311605|9-9
audio/bgs/AMB_sub_bass.ogg|0|37972|37972|241|74311605|74349577|9-9
audio/bgs/AMB_tech_hum2.ogg|0|23182|23182|242|74349577|74372759|9-9
audio/bgs/AMB_thunderstorm.ogg|0|115785|115785|243|74372759|74488544|9-9
audio/bgs/AMB_train.ogg|0|183941|183941|244|74488544|74672485|9-9
audio/bgs/AMB_tvgirl.ogg|0|46635|46635|245|74672485|74719120|9-9
audio/bgs/AMB_washing_machine.ogg|0|88610|88610|246|74719120|74807730|9-9
audio/bgs/AMB_whale.ogg|0|159580|159580|247|74807730|74967310|9-9
audio/bgs/AMB_whispers.ogg|0|69451|69451|248|74967310|75036761|9-9
audio/bgs/BGS_Waterfall.ogg|0|57257|57257|249|75036761|75094018|9-9
audio/bgs/BGS_abstract_echo.ogg|0|514275|514275|250|75094018|75608293|9-9
audio/bgs/BGS_awkward_dinner.ogg|0|261094|261094|251|75608293|75869387|9-9
audio/bgs/BGS_choir.ogg|0|333772|333772|252|75869387|76203159|9-9
audio/bgs/SE_HEARTBEAT.ogg|0|19216|19216|253|76203159|76222375|9-9
audio/bgs/SE_MICROWAVE2_CC0.ogg|0|25401|25401|254|76222375|76247776|9-9
audio/bgs/SE_SLIDE.ogg|0|8423|8423|233|73458650|73467073|9-9
audio/bgs/SE_TRAIN.ogg|0|321587|321587|255|76247776|76569363|9-9
audio/bgs/SE_bomb_tick 2.ogg|0|10161|10161|256|76569363|76579524|9-9
audio/bgs/SE_bomb_tick.ogg|0|10161|10161|256|76569363|76579524|9-9
audio/bgs/SE_bs_shocking.ogg|0|22329|22329|257|76579524|76601853|9-9
audio/bgs/SE_minecart_tick.ogg|0|706|706|258|76601853|76602559|9-9
audio/bgs/SE_sprout_crowd.ogg|0|23355|23355|259|76602559|76625914|9-9
audio/bgs/SEheartbeat.ogg|0|19216|19216|253|76203159|76222375|9-9
audio/bgs/[sfx]battle_flatline.ogg|0|7017|7017|260|76625914|76632931|9-9
audio/bgs/amb_3_4_metronome.ogg|0|52518|52518|261|76632931|76685449|9-9
audio/bgs/amb_4_4_metronome.ogg|0|61947|61947|262|76685449|76747396|9-9
audio/bgs/amb_4_4_metronome_alt.ogg|0|34893|34893|263|76747396|76782289|9-9
audio/bgs/amb_arcade.ogg|0|140033|140033|264|76782289|76922322|9-9
audio/bgs/amb_bubbles.ogg|0|67718|67718|265|76922322|76990040|9-9
audio/bgs/amb_conveyor.ogg|0|94142|94142|266|76990040|77084182|9-9
audio/bgs/amb_crowd.ogg|0|246690|246690|267|77084182|77330872|9-9
audio/bgs/amb_house_night.ogg|0|426438|426438|268|77330872|77757310|9-9
audio/bgs/amb_kettle.ogg|0|33700|33700|269|77757310|77791010|9-9
audio/bgs/amb_mari_water.ogg|0|282120|282120|270|77791010|78073130|9-9
audio/bgs/amb_ocean.ogg|0|212530|212530|271|78073130|78285660|9-9
audio/bgs/amb_orchestra.ogg|0|161151|161151|272|78285660|78446811|9-9
audio/bgs/amb_phone_ring.ogg|0|7252|7252|94|25398198|25405450|3-3
audio/bgs/amb_rain_splatty.ogg|0|90896|90896|273|78446811|78537707|9-9
audio/bgs/amb_room_tone2.ogg|0|152903|152903|274|78537707|78690610|9-9
audio/bgs/amb_tech4.ogg|0|87108|87108|14|3050260|3137368|0-0
audio/bgs/amb_tv_basil.ogg|0|132413|132413|275|78690610|78823023|9-9
audio/bgs/amb_white_noise.ogg|0|30156|30156|276|78823023|78853179|9-9
audio/bgs/b_omori_01.ogg|0|61676|61676|277|78853179|78914855|9-9
audio/bgs/b_omori_02.ogg|0|123223|123223|278|78914855|79038078|9-9
audio/bgs/b_omori_03.ogg|0|220528|220528|279|79038078|79258606|9-9
audio/bgs/b_omori_04.ogg|0|208591|208591|280|79258606|79467197|9-9
audio/bgs/boss_basil_2.ogg|0|248164|248164|281|79467197|79715361|9-9
audio/bgs/boss_something_heartbeat.ogg|0|31488|31488|48|13147665|13179153|1-1
audio/bgs/bs_loop3.ogg|0|177658|177658|282|79715361|79893019|9-9
audio/bgs/bs_loop7.ogg|0|137249|137249|283|79893019|80030268|9-9
audio/bgs/bs_loop9.ogg|0|41115|41115|284|80030268|80071383|9-9
audio/bgs/credits_ambulance.ogg|0|72168|72168|285|80071383|80143551|9-9
audio/bgs/event_mari_drowning.ogg|0|365911|365911|119|32752660|33118571|4-4
audio/bgs/se_evil3 2.ogg|0|35205|35205|286|80143551|80178756|9-9
audio/bgs/se_roll.ogg|0|17550|17550|287|80178756|80196306|9-9
audio/bgs/se_stonemove_1.ogg|0|5180|5180|288|80196306|80201486|9-9
audio/bgs/|0|0|0|0|0|0|0-0
audio/me/AMB_BACON.ogg|0|107297|107297|230|72992360|73099657|9-9
audio/me/ME_something_disappears.ogg|0|20748|20748|289|80201486|80222234|9-9
audio/me/SE_badumtsh.ogg|0|9730|9730|290|80222234|80231964|9-9
audio/me/cutscene_books.ogg|0|69742|69742|291|80231964|80301706|9-9
audio/me/cutscene_holding_hands.ogg|0|116689|116689|292|80301706|80418395|9-9
audio/me/cutscene_looking_at_photos.ogg|0|234778|234778|293|80418395|80653173|10-10
audio/me/cutscene_omori_origin.ogg|0|356955|356955|294|80653173|81010128|10-10
audio/me/cutscene_omori_saves_player.ogg|0|209322|209322|295|81010128|81219450|10-10
audio/me/cutscene_omoris_true_form.ogg|0|122981|122981|296|81219450|81342431|10-10
audio/me/cutscene_player_keeps_going.ogg|0|165533|165533|297|81342431|81507964|10-10
audio/me/cutscene_player_please_help.ogg|0|160625|160625|298|81507964|81668589|10-10
audio/me/cutscene_player_wakes_up_hospital.ogg|0|155719|155719|299|81668589|81824308|10-10
audio/me/cutscene_secret_ending.ogg|0|78007|78007|300|81824308|81902315|10-10
audio/me/cutscene_something_alone.ogg|0|182748|182748|301|81902315|82085063|10-10
audio/me/cutscene_the_violin.ogg|0|96375|96375|302|82085063|82181438|10-10
audio/me/cutscene_through_the_bookcase.ogg|0|90317|90317|303|82181438|82271755|10-10
audio/me/cutscene_x_is-gone.ogg|0|114460|114460|304|82271755|82386215|10-10
audio/me/event_bride_absolute_evil.ogg|0|160403|160403|112|31003799|31164202|3-3
audio/me/event_bride_horrible.ogg|0|133546|133546|113|31164202|31297748|3-3
audio/me/event_bride_miraculously_good.ogg|0|176996|176996|114|31297748|31474744|3-3
audio/me/first_note.ogg|0|36528|36528|305|82386215|82422743|10-10
audio/me/game_over.ogg|0|20207|20207|306|82422743|82442950|10-10
audio/me/ghost_dance.ogg|0|161077|161077|146|41658596|41819673|5-5
audio/me/sys_blackletter1.ogg|0|10148|10148|307|82442950|82453098|10-10
audio/me/sys_blackletter2.ogg|0|8841|8841|308|82453098|82461939|10-10
audio/me/xx_fish_song.ogg|0|144432|144432|309|82461939|82606371|10-10
audio/me/xx_gameover.ogg|0|49690|49690|216|71276488|71326178|8-8
audio/me/xx_gameover_piano.ogg|0|86221|86221|7|820786|907007|0-0
audio/me/xx_victory.ogg|0|96788|96788|310|82606371|82703159|10-10
audio/me/|0|0|0|0|0|0|0-0
audio/se/AMB_fireplace.ogg|0|53886|53886|236|73563469|73617355|9-9
audio/se/AMB_forest_ambience.ogg|0|475211|475211|1|0|475211|0-0
audio/se/AMB_slide_ambience.ogg|0|8350|8350|240|74303255|74311605|9-9
audio/se/AMB_tvgirl.ogg|0|46635|46635|245|74672485|74719120|9-9
audio/se/BA_ACS_aubrey_hero.ogg|0|8220|8220|311|82703159|82711379|10-10
audio/se/BA_ACS_aubrey_kel.ogg|0|6133|6133|312|82711379|82717512|10-10
audio/se/BA_ACS_aubrey_omori.ogg|0|4346|4346|313|82717512|82721858|10-10
audio/se/BA_ACS_aubrey_omori2.ogg|0|3759|3759|314|82721858|82725617|10-10
audio/se/BA_ACS_aubrey_omori_3.ogg|0|1467|1467|315|82725617|82727084|10-10
audio/se/BA_ACS_kel_aubrey.ogg|0|6543|6543|316|82727084|82733627|10-10
audio/se/BA_ACS_kel_hero.ogg|0|5551|5551|317|82733627|82739178|10-10
audio/se/BA_ACS_kel_omori.ogg|0|4290|4290|318|82739178|82743468|10-10
audio/se/BA_ACS_kel_omori_2.ogg|0|3955|3955|319|82743468|82747423|10-10
audio/se/BA_ACS_kel_omori_3.ogg|0|4215|4215|320|82747423|82751638|10-10
audio/se/BA_ACS_pass_aubrey_L.ogg|0|2947|2947|321|82751638|82754585|10-10
audio/se/BA_ACS_pass_hero_2.ogg|0|5885|5885|322|82754585|82760470|10-10
audio/se/BA_ACS_pass_hero_3.ogg|0|12093|12093|323|82760470|82772563|10-10
audio/se/BA_BED.ogg|0|3212|3212|324|82772563|82775775|10-10
audio/se/BA_Bite.ogg|0|2847|2847|325|82775775|82778622|10-10
audio/se/BA_CRITICAL_HIT.ogg|0|5473|5473|326|82778622|82784095|10-10
audio/se/BA_Drink.ogg|0|1744|1744|327|82784095|82785839|10-10
audio/se/BA_Heart_Heal.ogg|0|5255|5255|328|82785839|82791094|10-10
audio/se/BA_Horse.ogg|0|4960|4960|329|82791094|82796054|10-10
audio/se/BA_INK.ogg|0|3585|3585|330|82796054|82799639|10-10
audio/se/BA_Level_Up.ogg|0|5341|5341|331|82799639|82804980|10-10
audio/se/BA_Repair.ogg|0|5018|5018|332|82804980|82809998|10-10
audio/se/BA_Rumble1.ogg|0|6828|6828|333|82809998|82816826|10-10
audio/se/BA_Sad_Music.ogg|0|13424|13424|334|82816826|82830250|10-10
audio/se/BA_Stat_Down.ogg|0|4221|4221|335|82830250|82834471|10-10
audio/se/BA_Vapors.ogg|0|10534|10534|336|82834471|82845005|10-10
audio/se/BA_abduct.ogg|0|5933|5933|337|82845005|82850938|10-10
audio/se/BA_angry.ogg|0|2118|2118|338|82850938|82853056|10-10
audio/se/BA_angry_stage_2.ogg|0|4089|4089|339|82853056|82857145|10-10
audio/se/BA_angsty_song.ogg|0|14171|14171|340|82857145|82871316|10-10
audio/se/BA_annoy.ogg|0|4071|4071|341|82871316|82875387|10-10
audio/se/BA_attack_moon.ogg|0|7310|7310|342|82875387|82882697|10-10
audio/se/BA_attack_something_2.ogg|0|5499|5499|343|82882697|82888196|10-10
audio/se/BA_attack_something_omori.ogg|0|4826|4826|344|82888196|82893022|10-10
audio/se/BA_basic_attack_aubrey.ogg|0|3888|3888|345|82893022|82896910|10-10
audio/se/BA_basic_attack_hero.ogg|0|3397|3397|346|82896910|82900307|10-10
audio/se/BA_basic_attack_kel.ogg|0|3780|3780|347|82900307|82904087|10-10
audio/se/BA_basic_attack_omori.ogg|0|2428|2428|348|82904087|82906515|10-10
audio/se/BA_basic_attack_soft.ogg|0|1530|1530|349|82906515|82908045|10-10
audio/se/BA_basic_attack_solid.ogg|0|1598|1598|350|82908045|82909643|10-10
audio/se/BA_basic_attack_technology.ogg|0|2651|2651|351|82909643|82912294|10-10
audio/se/BA_basil_basic.ogg|0|4554|4554|352|82912294|82916848|10-10
audio/se/BA_battle_encounter_1.ogg|0|3468|3468|353|82916848|82920316|10-10
audio/se/BA_battle_encounter_2.ogg|0|12986|12986|354|82920316|82933302|10-10
audio/se/BA_blast_music.ogg|0|4457|4457|355|82933302|82937759|10-10
audio/se/BA_blast_music_sbf.ogg|0|6567|6567|356|82937759|82944326|10-10
audio/se/BA_blast_off.ogg|0|3693|3693|357|82944326|82948019|10-10
audio/se/BA_block.ogg|0|3872|3872|358|82948019|82951891|10-10
audio/se/BA_bomb.ogg|0|16096|16096|359|82951891|82967987|10-10
audio/se/BA_brag.ogg|0|4377|4377|360|82967987|82972364|10-10
audio/se/BA_bread_roll_layer.ogg|0|13279|13279|361|82972364|82985643|10-10
audio/se/BA_bullet_hell.ogg|0|9050|9050|362|82985643|82994693|10-10
audio/se/BA_call_for_help_phone.ogg|0|7252|7252|94|25398198|25405450|3-3
audio/se/BA_calm_down.ogg|0|4945|4945|363|82994693|82999638|10-10
audio/se/BA_calmdown.ogg|0|23104|23104|364|82999638|83022742|10-10
audio/se/BA_captivate.ogg|0|10312|10312|365|83022742|83033054|10-10
audio/se/BA_chainsaw.ogg|0|13043|13043|366|83033054|83046097|10-10
audio/se/BA_cook_1.ogg|0|1301|1301|367|83046097|83047398|10-10
audio/se/BA_cruel.ogg|0|6725|6725|368|83047398|83054123|10-10
audio/se/BA_cute.ogg|0|6090|6090|369|83054123|83060213|10-10
audio/se/BA_do_nothing_dance.ogg|0|2836|2836|370|83060213|83063049|10-10
audio/se/BA_do_nothing_dialtone.ogg|0|6790|6790|371|83063049|83069839|10-10
audio/se/BA_do_nothing_distracted.ogg|0|1097|1097|372|83069839|83070936|10-10
audio/se/BA_do_nothing_falls_over.ogg|0|910|910|373|83070936|83071846|10-10
audio/se/BA_do_nothing_sing.ogg|0|6377|6377|374|83071846|83078223|10-10
audio/se/BA_do_nothing_space_out.ogg|0|2141|2141|375|83078223|83080364|10-10
audio/se/BA_do_nothing_weird.ogg|0|1632|1632|376|83080364|83081996|10-10
audio/se/BA_dodge.ogg|0|3346|3346|377|83081996|83085342|10-10
audio/se/BA_download_attack.ogg|0|1578|1578|378|83085342|83086920|10-10
audio/se/BA_download_attack_bg.ogg|0|10868|10868|379|83086920|83097788|10-10
audio/se/BA_dynamite.ogg|0|11422|11422|380|83097788|83109210|10-10
audio/se/BA_ear_ringing.ogg|0|18536|18536|381|83109210|83127746|10-10
audio/se/BA_ear_ringing_data/eff/d1f/eff1fcd8.au|0|603792|603792|382|83127746|83731538|10-10
audio/se/BA_ear_ringing_data/eff/d1f/|0|0|0|0|0|0|0-0
audio/se/BA_ear_ringing_data/eff/|0|0|0|0|0|0|0-0
audio/se/BA_ear_ringing_data/|0|0|0|0|0|0|0-0
audio/se/BA_earth_final.ogg|0|17710|17710|383|83731538|83749248|10-10
audio/se/BA_expand.ogg|0|5755|5755|384|83749248|83755003|10-10
audio/se/BA_explosion_2.ogg|0|9590|9590|385|83755003|83764593|10-10
audio/se/BA_firespell.ogg|0|6693|6693|386|83764593|83771286|10-10
audio/se/BA_first_aid.ogg|0|3276|3276|387|83771286|83774562|10-10
audio/se/BA_fly.ogg|0|6545|6545|388|83774562|83781107|10-10
audio/se/BA_focus.ogg|0|20040|20040|389|83781107|83801147|10-10
audio/se/BA_grab.ogg|0|2101|2101|390|83801147|83803248|10-10
audio/se/BA_gwahaha.ogg|0|6201|6201|391|83803248|83809449|10-10
audio/se/BA_hack_away.ogg|0|5627|5627|392|83809449|83815076|10-10
audio/se/BA_happy.ogg|0|2405|2405|393|83815076|83817481|10-10
audio/se/BA_happy_level_2.ogg|0|4129|4129|394|83817481|83821610|10-10
audio/se/BA_headbutt.ogg|0|5495|5495|395|83821610|83827105|10-10
audio/se/BA_headbutt2.ogg|0|6996|6996|396|83827105|83834101|10-10
audio/se/BA_heal2.ogg|0|3107|3107|397|83834101|83837208|10-10
audio/se/BA_heal_juice.ogg|0|4559|4559|398|83837208|83841767|10-10
audio/se/BA_hero_acs.ogg|0|3744|3744|399|83841767|83845511|10-10
audio/se/BA_hm.ogg|0|2819|2819|400|83845511|83848330|10-10
audio/se/BA_homerun.ogg|0|14959|14959|401|83848330|83863289|10-10
audio/se/BA_jetpack.ogg|0|9738|9738|402|83863289|83873027|10-10
audio/se/BA_laser.ogg|0|3899|3899|403|83873027|83876926|10-10
audio/se/BA_laser_2.ogg|0|2635|2635|404|83876926|83879561|10-10
audio/se/BA_laser_big.ogg|0|4844|4844|405|83879561|83884405|10-10
audio/se/BA_laser_orange.ogg|0|7656|7656|406|83884405|83892061|10-10
audio/se/BA_life_jam.ogg|0|3554|3554|407|83892061|83895615|10-10
audio/se/BA_life_jam_1.ogg|0|10163|10163|408|83895615|83905778|10-10
audio/se/BA_lift.ogg|0|4143|4143|409|83905778|83909921|10-10
audio/se/BA_low_health.ogg|0|3748|3748|410|83909921|83913669|10-10
audio/se/BA_massage.ogg|0|7466|7466|411|83913669|83921135|10-10
audio/se/BA_mesmerize.ogg|0|10996|10996|412|83921135|83932131|10-10
audio/se/BA_misfire_magic.ogg|0|7512|7512|413|83932131|83939643|10-10
audio/se/BA_miss.ogg|0|2519|2519|414|83939643|83942162|10-10
audio/se/BA_mystery_potion.ogg|0|8170|8170|415|83942162|83950332|10-10
audio/se/BA_observe.ogg|0|4515|4515|416|83950332|83954847|10-10
audio/se/BA_overcome.ogg|0|20894|20894|417|83954847|83975741|10-10
audio/se/BA_pep_talk.ogg|0|5965|5965|418|83975741|83981706|10-10
audio/se/BA_persist.ogg|0|25608|25608|419|83981706|84007314|10-10
audio/se/BA_pierce_heart.ogg|0|8764|8764|420|84007314|84016078|10-10
audio/se/BA_pluto_laugh.ogg|0|6201|6201|391|83803248|83809449|10-10
audio/se/BA_pop.ogg|0|4093|4093|421|84016078|84020171|10-10
audio/se/BA_protect.ogg|0|4686|4686|422|84020171|84024857|10-10
audio/se/BA_protect_the_earth.ogg|0|14217|14217|423|84024857|84039074|10-10
audio/se/BA_rain_cloud.ogg|0|10931|10931|424|84039074|84050005|10-10
audio/se/BA_rally.ogg|0|5683|5683|425|84050005|84055688|10-10
audio/se/BA_rebound.ogg|0|5444|5444|426|84055688|84061132|10-10
audio/se/BA_release_energy.ogg|0|23261|23261|427|84061132|84084393|10-10
audio/se/BA_riccochet.ogg|0|8179|8179|428|84084393|84092572|10-10
audio/se/BA_roar.ogg|0|5732|5732|429|84092572|84098304|10-10
audio/se/BA_rubberband.ogg|0|1627|1627|430|84098304|84099931|10-10
audio/se/BA_rumble.ogg|0|6342|6342|431|84099931|84106273|10-10
audio/se/BA_rumble_2.ogg|0|3789|3789|432|84106273|84110062|10-10
audio/se/BA_rumble_3.ogg|0|6199|6199|433|84110062|84116261|10-10
audio/se/BA_rumble_4.ogg|0|6333|6333|434|84116261|84122594|10-10
audio/se/BA_run.ogg|0|4782|4782|435|84122594|84127376|10-10
audio/se/BA_sad.ogg|0|2784|2784|436|84127376|84130160|10-10
audio/se/BA_sad_level_2.ogg|0|5118|5118|437|84130160|84135278|10-10
audio/se/BA_sad_poem.ogg|0|6184|6184|438|84135278|84141462|10-10
audio/se/BA_scare.ogg|0|4564|4564|439|84141462|84146026|10-10
audio/se/BA_scatter.ogg|0|2440|2440|440|84146026|84148466|10-10
audio/se/BA_shun.ogg|0|3590|3590|441|84148466|84152056|10-10
audio/se/BA_silly_string.ogg|0|80028|80028|442|84152056|84232084|10-10
audio/se/BA_small_snow_storm.ogg|0|4231|4231|443|84232084|84236315|10-10
audio/se/BA_something_bite.ogg|0|3641|3641|444|84236315|84239956|10-10
audio/se/BA_something_engulf.ogg|0|6585|6585|445|84239956|84246541|10-10
audio/se/BA_speed_up.ogg|0|4263|4263|446|84246541|84250804|10-10
audio/se/BA_sprout_train.ogg|0|11479|11479|447|84250804|84262283|10-10
audio/se/BA_squid_ward.ogg|0|3144|3144|448|84262283|84265427|10-10
audio/se/BA_stab.ogg|0|2253|2253|449|84265427|84267680|10-10
audio/se/BA_stat_down2.ogg|0|8111|8111|450|84267680|84275791|10-10
audio/se/BA_stat_down3.ogg|0|5922|5922|451|84275791|84281713|10-10
audio/se/BA_stat_up.ogg|0|4825|4825|452|84281713|84286538|10-10
audio/se/BA_stat_up2.ogg|0|5204|5204|453|84286538|84291742|10-10
audio/se/BA_steal.ogg|0|3002|3002|454|84291742|84294744|10-10
audio/se/BA_sting_ray.ogg|0|2536|2536|455|84294744|84297280|10-10
audio/se/BA_tangle.ogg|0|5402|5402|456|84297280|84302682|10-10
audio/se/BA_taunt.ogg|0|6553|6553|457|84302682|84309235|10-10
audio/se/BA_tickle.ogg|0|2099|2099|458|84309235|84311334|10-10
audio/se/BA_trick.ogg|0|9426|9426|459|84311334|84320760|10-10
audio/se/BA_trip.ogg|0|2927|2927|460|84320760|84323687|10-10
audio/se/BA_violin.ogg|0|2201|2201|461|84323687|84325888|10-10
audio/se/BA_web 2.ogg|0|10003|10003|462|84325888|84335891|10-10
audio/se/BA_web.ogg|0|10003|10003|462|84325888|84335891|10-10
audio/se/BA_web_small.ogg|0|4059|4059|463|84335891|84339950|10-10
audio/se/EMPTY.ogg|0|2498|2498|464|84339950|84342448|10-10
audio/se/GEN_Bite.ogg|0|2847|2847|325|82775775|82778622|10-10
audio/se/GEN_Jump.ogg|0|672|672|465|84342448|84343120|10-10
audio/se/GEN_Poke.ogg|0|734|734|466|84343120|84343854|10-10
audio/se/GEN_Swish.ogg|0|872|872|467|84343854|84344726|10-10
audio/se/GEN_Wham.ogg|0|3253|3253|468|84344726|84347979|10-10
audio/se/GEN_beep.ogg|0|570|570|469|84347979|84348549|10-10
audio/se/GEN_boing.ogg|0|1664|1664|470|84348549|84350213|10-10
audio/se/GEN_bump.ogg|0|772|772|471|84350213|84350985|10-10
audio/se/GEN_burn.ogg|0|4946|4946|472|84350985|84355931|10-10
audio/se/GEN_call_for_friend.ogg|0|1909|1909|473|84355931|84357840|10-10
audio/se/GEN_climb.ogg|0|2509|2509|474|84357840|84360349|10-10
audio/se/GEN_clothy.ogg|0|2579|2579|475|84360349|84362928|10-10
audio/se/GEN_complete.ogg|0|7924|7924|476|84362928|84370852|10-10
audio/se/GEN_cut.ogg|0|3248|3248|477|84370852|84374100|10-10
audio/se/GEN_exclamation.ogg|0|1036|1036|478|84374100|84375136|10-10
audio/se/GEN_hit.ogg|0|1598|1598|350|82908045|82909643|10-10
audio/se/GEN_item_get.ogg|0|5155|5155|479|84375136|84380291|10-10
audio/se/GEN_mess_paper.ogg|0|1776|1776|480|84380291|84382067|10-10
audio/se/GEN_movement.ogg|0|1566|1566|481|84382067|84383633|10-10
audio/se/GEN_movement2.ogg|0|1879|1879|482|84383633|84385512|10-10
audio/se/GEN_multi1.ogg|0|767|767|483|84385512|84386279|10-10
audio/se/GEN_multi2.ogg|0|920|920|484|84386279|84387199|10-10
audio/se/GEN_multi3 2.ogg|0|1976|1976|485|84387199|84389175|10-10
audio/se/GEN_multi3.ogg|0|1976|1976|485|84387199|84389175|10-10
audio/se/GEN_munch.ogg|0|456|456|486|84389175|84389631|10-10
audio/se/GEN_pahpuh.ogg|0|3987|3987|487|84389631|84393618|10-10
audio/se/GEN_present.ogg|0|4312|4312|488|84393618|84397930|10-10
audio/se/GEN_rubble.ogg|0|2829|2829|489|84397930|84400759|10-10
audio/se/GEN_shine.ogg|0|9780|9780|490|84400759|84410539|10-10
audio/se/GEN_slide_whistle_down.ogg|0|2557|2557|491|84410539|84413096|10-10
audio/se/GEN_slide_whistle_up.ogg|0|2269|2269|492|84413096|84415365|10-10
audio/se/GEN_smash.ogg|0|5828|5828|493|84415365|84421193|10-10
audio/se/GEN_spin.ogg|0|1157|1157|494|84421193|84422350|10-10
audio/se/GEN_stab.ogg|0|3082|3082|495|84422350|84425432|10-10
audio/se/GEN_stomp.ogg|0|3932|3932|496|84425432|84429364|10-10
audio/se/GEN_ta_da.ogg|0|8930|8930|497|84429364|84438294|10-10
audio/se/GEN_ta_da_bad.ogg|0|7302|7302|498|84438294|84445596|10-10
audio/se/GEN_teleport.ogg|0|1960|1960|499|84445596|84447556|10-10
audio/se/GEN_teleport2.ogg|0|3744|3744|500|84447556|84451300|10-10
audio/se/GEN_throw.ogg|0|1924|1924|501|84451300|84453224|10-10
audio/se/GEN_trip.ogg|0|2927|2927|460|84320760|84323687|10-10
audio/se/GEN_victory.ogg|0|3922|3922|502|84453224|84457146|10-10
audio/se/NoOverwritePrompt5VfUQZ|0|0|0|0|0|0|0-0
audio/se/Re Stretched.ogg|0|7984|7984|503|84457146|84465130|10-10
audio/se/SE_Applause1.ogg|0|13677|13677|504|84465130|84478807|10-10
audio/se/SE_Applause2.ogg|0|11326|11326|505|84478807|84490133|10-10
audio/se/SE_Aub_Smash_01.ogg|0|5032|5032|506|84490133|84495165|10-10
audio/se/SE_Aub_Smash_02.ogg|0|5032|5032|506|84490133|84495165|10-10
audio/se/SE_Aub_Smash_05.ogg|0|5032|5032|506|84490133|84495165|10-10
audio/se/SE_BELL_CC0_thaighaudio.ogg|0|126054|126054|507|84495165|84621219|10-10
audio/se/SE_BREAD_GOD_TELEPORT.ogg|0|20084|20084|508|84621219|84641303|10-10
audio/se/SE_Baby_1.ogg|0|2694|2694|509|84641303|84643997|10-10
audio/se/SE_Bird_Fly.ogg|0|6945|6945|510|84643997|84650942|10-10
audio/se/SE_Cassette_button.ogg|0|950|950|511|84650942|84651892|10-10
audio/se/SE_Cassette_insert.ogg|0|3606|3606|512|84651892|84655498|10-10
audio/se/SE_Cat_Meow.ogg|0|3328|3328|513|84655498|84658826|10-10
audio/se/SE_CorkPop.ogg|0|1419|1419|514|84658826|84660245|10-10
audio/se/SE_Creak.ogg|0|3955|3955|515|84660245|84664200|10-10
audio/se/SE_Cut.ogg|0|3407|3407|516|84664200|84667607|10-10
audio/se/SE_DOORBELL.ogg|0|21284|21284|517|84667607|84688891|10-10
audio/se/SE_DOWN2.ogg|0|3103|3103|518|84688891|84691994|10-10
audio/se/SE_Defeat_1.ogg|0|12417|12417|519|84691994|84704411|10-10
audio/se/SE_DoorDungeon_Hybrid-V.ogg|0|24251|24251|520|84704411|84728662|10-10
audio/se/SE_Door_Creak.ogg|0|8832|8832|521|84728662|84737494|10-10
audio/se/SE_Door_Enter.ogg|0|2567|2567|522|84737494|84740061|10-10
audio/se/SE_Door_Exit.ogg|0|2273|2273|523|84740061|84742334|10-10
audio/se/SE_Door_Unlock.ogg|0|2934|2934|524|84742334|84745268|10-10
audio/se/SE_Drippy_Bird.ogg|0|3313|3313|525|84745268|84748581|10-10
audio/se/SE_DrumRollCymbal.ogg|0|30628|30628|526|84748581|84779209|10-10
audio/se/SE_Gate.ogg|0|3602|3602|527|84779209|84782811|10-10
audio/se/SE_Knife_Drop.ogg|0|2692|2692|528|84782811|84785503|10-10
audio/se/SE_Knock_WoodDoor.ogg|0|2671|2671|529|84785503|84788174|10-10
audio/se/SE_Laptop.ogg|0|10274|10274|530|84788174|84798448|10-10
audio/se/SE_Laser.ogg|0|2631|2631|531|84798448|84801079|10-10
audio/se/SE_MICROWAVE1_CC0.ogg|0|9535|9535|532|84801079|84810614|10-10
audio/se/SE_MICROWAVE3_CC0.ogg|0|13278|13278|533|84810614|84823892|10-10
audio/se/SE_Mess_Paper.ogg|0|1795|1795|534|84823892|84825687|10-10
audio/se/SE_NewSkill.ogg|0|5430|5430|535|84825687|84831117|10-10
audio/se/SE_New_Skill.ogg|0|2965|2965|536|84831117|84834082|10-10
audio/se/SE_PIANO_DO_OCTAVE.ogg|0|2242|2242|537|84834082|84836324|10-10
audio/se/SE_PIANO_DO_STRETCHED.ogg|0|7918|7918|538|84836324|84844242|10-10
audio/se/SE_PIANO_DO_STRETCHED_OCTAVE.ogg|0|6113|6113|539|84844242|84850355|10-10
audio/se/SE_PIANO_FA.ogg|0|2097|2097|540|84850355|84852452|10-10
audio/se/SE_PIANO_FA_STRETCHED.ogg|0|6295|6295|541|84852452|84858747|10-10
audio/se/SE_PIANO_LA.ogg|0|2253|2253|542|84858747|84861000|10-10
audio/se/SE_PIANO_LA_STRETCHED.ogg|0|7658|7658|543|84861000|84868658|10-10
audio/se/SE_PIANO_MI.ogg|0|2083|2083|544|84868658|84870741|10-10
audio/se/SE_PIANO_MI_STRETCHED.ogg|0|6596|6596|545|84870741|84877337|10-10
audio/se/SE_PIANO_RE.ogg|0|2100|2100|546|84877337|84879437|10-10
audio/se/SE_PIANO_RE_STRETCHED.ogg|0|7455|7455|547|84879437|84886892|10-10
audio/se/SE_PIANO_SOL.ogg|0|2129|2129|548|84886892|84889021|10-10
audio/se/SE_PIANO_SOL_STRETCHED.ogg|0|6648|6648|549|84889021|84895669|10-10
audio/se/SE_PIANO_TI.ogg|0|2202|2202|550|84895669|84897871|10-10
audio/se/SE_PIANO_TI_STRETCHED.ogg|0|8322|8322|551|84897871|84906193|10-10
audio/se/SE_POLAROID.ogg|0|6026|6026|552|84906193|84912219|10-10
audio/se/SE_Picnic.ogg|0|5371|5371|553|84912219|84917590|10-10
audio/se/SE_Push.ogg|0|2038|2038|554|84917590|84919628|10-10
audio/se/SE_SUMMON.ogg|0|11244|11244|555|84919628|84930872|10-10
audio/se/SE_SWING.ogg|0|6980|6980|556|84930872|84937852|10-10
audio/se/SE_StageLightON.ogg|0|3249|3249|557|84937852|84941101|10-10
audio/se/SE_Switch.ogg|0|1291|1291|558|84941101|84942392|10-10
audio/se/SE_TAG.ogg|0|1663|1663|559|84942392|84944055|10-10
audio/se/SE_TV_BLIP.ogg|0|2188|2188|560|84944055|84946243|10-10
audio/se/SE_TaDa_Bad.ogg|0|4967|4967|561|84946243|84951210|10-10
audio/se/SE_Tada.ogg|0|6419|6419|562|84951210|84957629|10-10
audio/se/SE_Thunder.ogg|0|9462|9462|563|84957629|84967091|10-10
audio/se/SE_Toaster.ogg|0|2588|2588|564|84967091|84969679|10-10
audio/se/SE_Toilet_flush.ogg|0|33611|33611|565|84969679|85003290|10-10
audio/se/SE_UP2.ogg|0|2857|2857|566|85003290|85006147|10-10
audio/se/SE_WaterSplash_CC0.ogg|0|7193|7193|567|85006147|85013340|10-10
audio/se/SE_Watermelon.ogg|0|639|639|568|85013340|85013979|10-10
audio/se/SE_ahh.ogg|0|2616|2616|569|85013979|85016595|10-10
audio/se/SE_airhorn.ogg|0|9331|9331|570|85016595|85025926|10-10
audio/se/SE_angry_robot.ogg|0|6193|6193|571|85025926|85032119|10-10
audio/se/SE_baby_crying.ogg|0|136119|136119|572|85032119|85168238|10-10
audio/se/SE_badumtsh.ogg|0|9730|9730|290|80222234|80231964|9-9
audio/se/SE_balcony.ogg|0|38452|38452|573|85168238|85206690|10-10
audio/se/SE_barrel_smash.ogg|0|2672|2672|574|85206690|85209362|10-10
audio/se/SE_basil_beep.ogg|0|1098|1098|575|85209362|85210460|10-10
audio/se/SE_bathtub.ogg|0|17992|17992|576|85210460|85228452|10-10
audio/se/SE_bed_shuffle.ogg|0|1802|1802|577|85228452|85230254|10-10
audio/se/SE_big_sneeze.ogg|0|6032|6032|578|85230254|85236286|10-10
audio/se/SE_blackspace_NPC2.ogg|0|13273|13273|579|85236286|85249559|10-10
audio/se/SE_blast_off.ogg|0|3693|3693|357|82944326|82948019|10-10
audio/se/SE_blender.ogg|0|4864|4864|580|85249559|85254423|10-10
audio/se/SE_bomb_platform.ogg|0|23038|23038|581|85254423|85277461|10-10
audio/se/SE_bomb_tick.ogg|0|10161|10161|256|76569363|76579524|9-9
audio/se/SE_brush_teeth.ogg|0|6754|6754|582|85277461|85284215|10-10
audio/se/SE_bs_airbeam.ogg|0|7550|7550|583|85284215|85291765|10-10
audio/se/SE_bs_bad_trumpet.ogg|0|6931|6931|584|85291765|85298696|10-10
audio/se/SE_bs_bird.ogg|0|6555|6555|585|85298696|85305251|10-10
audio/se/SE_bs_bird_screech.ogg|0|8015|8015|586|85305251|85313266|10-10
audio/se/SE_bs_cough.ogg|0|5810|5810|587|85313266|85319076|10-10
audio/se/SE_bs_creature.ogg|0|6613|6613|588|85319076|85325689|10-10
audio/se/SE_bs_creature2.ogg|0|9491|9491|589|85325689|85335180|10-10
audio/se/SE_bs_debuff.ogg|0|7628|7628|590|85335180|85342808|10-10
audio/se/SE_bs_deep_swell.ogg|0|10196|10196|591|85342808|85353004|10-10
audio/se/SE_bs_drool.ogg|0|6827|6827|592|85353004|85359831|10-10
audio/se/SE_bs_drowning.ogg|0|7802|7802|593|85359831|85367633|10-10
audio/se/SE_bs_ghost_appear.ogg|0|7648|7648|594|85367633|85375281|10-10
audio/se/SE_bs_ghost_moving.ogg|0|6582|6582|595|85375281|85381863|10-10
audio/se/SE_bs_ghost_moving2.ogg|0|7618|7618|596|85381863|85389481|10-10
audio/se/SE_bs_ghost_shuffle.ogg|0|6619|6619|597|85389481|85396100|10-10
audio/se/SE_bs_ghost_shuffle2.ogg|0|6717|6717|598|85396100|85402817|10-10
audio/se/SE_bs_ghost_whisper.ogg|0|6226|6226|599|85402817|85409043|10-10
audio/se/SE_bs_ghost_whisper2.ogg|0|5656|5656|600|85409043|85414699|10-10
audio/se/SE_bs_ghost_whisper3.ogg|0|5510|5510|601|85414699|85420209|10-10
audio/se/SE_bs_ghostwhisper4.ogg|0|5616|5616|602|85420209|85425825|10-10
audio/se/SE_bs_glitchyoop.ogg|0|10091|10091|603|85425825|85435916|10-10
audio/se/SE_bs_little_scream.ogg|0|7630|7630|604|85435916|85443546|10-10
audio/se/SE_bs_occurence.ogg|0|9429|9429|605|85443546|85452975|10-10
audio/se/SE_bs_popping.ogg|0|10055|10055|606|85452975|85463030|10-10
audio/se/SE_bs_realization.ogg|0|12630|12630|607|85463030|85475660|10-10
audio/se/SE_bs_realization2.ogg|0|6347|6347|608|85475660|85482007|10-10
audio/se/SE_bs_record_scratch.ogg|0|5643|5643|609|85482007|85487650|10-10
audio/se/SE_bs_scare1.ogg|0|6091|6091|610|85487650|85493741|10-10
audio/se/SE_bs_scare2.ogg|0|6201|6201|611|85493741|85499942|10-10
audio/se/SE_bs_scare3.ogg|0|6561|6561|612|85499942|85506503|10-10
audio/se/SE_bs_scare4.ogg|0|6638|6638|613|85506503|85513141|10-10
audio/se/SE_bs_scare5.ogg|0|6768|6768|614|85513141|85519909|10-10
audio/se/SE_bs_scare6.ogg|0|7464|7464|615|85519909|85527373|10-10
audio/se/SE_bs_scare7.ogg|0|6325|6325|616|85527373|85533698|10-10
audio/se/SE_bs_scare8.ogg|0|5930|5930|617|85533698|85539628|10-10
audio/se/SE_bs_shocking.ogg|0|22329|22329|257|76579524|76601853|9-9
audio/se/SE_bs_skitter.ogg|0|7160|7160|618|85539628|85546788|10-10
audio/se/SE_bs_small_bite.ogg|0|5951|5951|619|85546788|85552739|10-10
audio/se/SE_bs_strange_human.ogg|0|7160|7160|620|85552739|85559899|10-10
audio/se/SE_bs_strange_movement.ogg|0|7526|7526|621|85559899|85567425|10-10
audio/se/SE_bs_stuck.ogg|0|48389|48389|622|85567425|85615814|10-10
audio/se/SE_bs_wavy_pan.ogg|0|9758|9758|623|85615814|85625572|10-10
audio/se/SE_bs_weird_cat.ogg|0|9556|9556|624|85625572|85635128|10-10
audio/se/SE_bugs4.ogg|0|5329|5329|625|85635128|85640457|10-10
audio/se/SE_can.ogg|0|2462|2462|626|85640457|85642919|10-10
audio/se/SE_car_passing.ogg|0|5656|5656|627|85642919|85648575|10-10
audio/se/SE_car_remote.ogg|0|1516|1516|628|85648575|85650091|10-10
audio/se/SE_car_start.ogg|0|8341|8341|629|85650091|85658432|10-10
audio/se/SE_chalk.ogg|0|3270|3270|630|85658432|85661702|10-10
audio/se/SE_chalk_short.ogg|0|2415|2415|631|85661702|85664117|10-10
audio/se/SE_chirp.ogg|0|1215|1215|632|85664117|85665332|10-10
audio/se/SE_click.ogg|0|1768|1768|633|85665332|85667100|10-10
audio/se/SE_cork_pop.ogg|0|1419|1419|514|84658826|84660245|10-10
audio/se/SE_crank_loop_big.ogg|0|14147|14147|634|85667100|85681247|10-10
audio/se/SE_creepy_tune.ogg|0|20065|20065|635|85681247|85701312|10-10
audio/se/SE_crow.ogg|0|1487|1487|636|85701312|85702799|10-10
audio/se/SE_crown_murmur.ogg|0|11739|11739|637|85702799|85714538|10-10
audio/se/SE_curtain_1.ogg|0|4605|4605|638|85714538|85719143|10-10
audio/se/SE_curtain_2.ogg|0|4036|4036|639|85719143|85723179|10-10
audio/se/SE_cutlery.ogg|0|18944|18944|640|85723179|85742123|10-10
audio/se/SE_d.ogg|0|56821|56821|641|85742123|85798944|10-10
audio/se/SE_debris.ogg|0|12641|12641|642|85798944|85811585|10-10
audio/se/SE_deep_bloop.ogg|0|2038|2038|643|85811585|85813623|10-10
audio/se/SE_deeper_laugh.ogg|0|3715|3715|644|85813623|85817338|10-10
audio/se/SE_dial_up.ogg|0|119559|119559|645|85817338|85936897|10-10
audio/se/SE_dig.ogg|0|954|954|646|85936897|85937851|10-10
audio/se/SE_ding.ogg|0|4431|4431|647|85937851|85942282|10-10
audio/se/SE_dinosaur.ogg|0|4330|4330|648|85942282|85946612|10-10
audio/se/SE_drink.ogg|0|1377|1377|649|85946612|85947989|10-10
audio/se/SE_droplet.ogg|0|2371|2371|650|85947989|85950360|10-10
audio/se/SE_eeek.ogg|0|2473|2473|651|85950360|85952833|10-10
audio/se/SE_enemy_defeat1.ogg|0|5882|5882|652|85952833|85958715|10-10
audio/se/SE_evil4.ogg|0|7476|7476|653|85958715|85966191|10-10
audio/se/SE_evil5.ogg|0|9269|9269|654|85966191|85975460|10-10
audio/se/SE_fart.ogg|0|8112|8112|655|85975460|85983572|10-10
audio/se/SE_first_note.ogg|0|27915|27915|656|85983572|86011487|10-10
audio/se/SE_getting_into_water.ogg|0|3397|3397|657|86011487|86014884|10-10
audio/se/SE_ghost.ogg|0|2633|2633|658|86014884|86017517|10-10
audio/se/SE_glass_break.ogg|0|2894|2894|659|86017517|86020411|10-10
audio/se/SE_glass_clink.ogg|0|2410|2410|660|86020411|86022821|10-10
audio/se/SE_gust.ogg|0|11049|11049|661|86022821|86033870|10-10
audio/se/SE_hit_5.ogg|0|1954|1954|662|86033870|86035824|10-10
audio/se/SE_hm.ogg|0|2819|2819|400|83845511|83848330|10-10
audio/se/SE_horror.ogg|0|4014|4014|663|86035824|86039838|10-10
audio/se/SE_humphrey_burp.ogg|0|9471|9471|664|86039838|86049309|10-10
audio/se/SE_humphrey_down.ogg|0|2876|2876|665|86049309|86052185|10-10
audio/se/SE_humphrey_mouth.ogg|0|7300|7300|666|86052185|86059485|10-10
audio/se/SE_humphrey_up copy.ogg|0|5857|5857|667|86059485|86065342|10-10
audio/se/SE_humphrey_up.ogg|0|6313|6313|668|86065342|86071655|10-10
audio/se/SE_impact2.ogg|0|4256|4256|669|86071655|86075911|10-10
audio/se/SE_jawhaha.ogg|0|5017|5017|670|86075911|86080928|10-10
audio/se/SE_key_drop.ogg|0|3507|3507|671|86080928|86084435|10-10
audio/se/SE_knock.ogg|0|3895|3895|672|86084435|86088330|10-10
audio/se/SE_launch.ogg|0|31239|31239|673|86088330|86119569|10-10
audio/se/SE_light_match.ogg|0|4696|4696|674|86119569|86124265|10-10
audio/se/SE_lightbulb.ogg|0|3438|3438|675|86124265|86127703|10-10
audio/se/SE_lightbulb_screw_2.ogg|0|5827|5827|676|86127703|86133530|10-10
audio/se/SE_little_basil1.ogg|0|2120|2120|677|86133530|86135650|10-10
audio/se/SE_load.ogg|0|2919|2919|678|86135650|86138569|10-10
audio/se/SE_locked_door.ogg|0|3608|3608|679|86138569|86142177|10-10
audio/se/SE_longleg.ogg|0|13635|13635|680|86142177|86155812|10-10
audio/se/SE_machine_hum.ogg|0|10535|10535|681|86155812|86166347|10-10
audio/se/SE_meow.ogg|0|3078|3078|682|86166347|86169425|10-10
audio/se/SE_minecart_tick.ogg|0|702|702|683|86169425|86170127|10-10
audio/se/SE_munch.ogg|0|456|456|486|84389175|84389631|10-10
audio/se/SE_neo_deep_well_explodes.ogg|0|20376|20376|684|86170127|86190503|10-10
audio/se/SE_ohoho.ogg|0|6491|6491|685|86190503|86196994|10-10
audio/se/SE_parrot.ogg|0|1671|1671|686|86196994|86198665|10-10
audio/se/SE_penguin.ogg|0|1405|1405|687|86198665|86200070|10-10
audio/se/SE_perfect_descent 2.ogg|0|51676|51676|688|86200070|86251746|10-10
audio/se/SE_perfect_descent.ogg|0|51920|51920|689|86251746|86303666|10-10
audio/se/SE_phone_dial.ogg|0|1048|1048|690|86303666|86304714|10-10
audio/se/SE_play.ogg|0|15630|15630|691|86304714|86320344|10-10
audio/se/SE_plop.ogg|0|1394|1394|692|86320344|86321738|10-10
audio/se/SE_plop_cardboard.ogg|0|3707|3707|693|86321738|86325445|10-10
audio/se/SE_pot_smash.ogg|0|3520|3520|694|86325445|86328965|10-10
audio/se/SE_potion_hit.ogg|0|3760|3760|695|86328965|86332725|10-10
audio/se/SE_raft.ogg|0|4135|4135|696|86332725|86336860|10-10
audio/se/SE_recyling.ogg|0|48790|48790|697|86336860|86385650|10-10
audio/se/SE_red_hands.ogg|0|5434|5434|698|86385650|86391084|10-10
audio/se/SE_reverse_swell.ogg|0|4335|4335|699|86391084|86395419|10-10
audio/se/SE_robo_power.ogg|0|14073|14073|700|86395419|86409492|10-10
audio/se/SE_roulette.ogg|0|5968|5968|701|86409492|86415460|10-10
audio/se/SE_scatter.ogg|0|2440|2440|440|84146026|84148466|10-10
audio/se/SE_screw_lightbulb_1.ogg|0|5625|5625|702|86415460|86421085|10-10
audio/se/SE_scrub.ogg|0|3763|3763|703|86421085|86424848|10-10
audio/se/SE_set_plate.ogg|0|2675|2675|704|86424848|86427523|10-10
audio/se/SE_set_thing.ogg|0|1841|1841|705|86427523|86429364|10-10
audio/se/SE_shadow_voice.ogg|0|641|641|706|86429364|86430005|10-10
audio/se/SE_shake_bed.ogg|0|5472|5472|707|86430005|86435477|10-10
audio/se/SE_shuffle.ogg|0|2303|2303|708|86435477|86437780|10-10
audio/se/SE_slide_change.ogg|0|3349|3349|709|86437780|86441129|10-10
audio/se/SE_slide_end.ogg|0|2406|2406|710|86441129|86443535|10-10
audio/se/SE_snake_coil.ogg|0|2012|2012|711|86443535|86445547|10-10
audio/se/SE_snap.ogg|0|1901|1901|712|86445547|86447448|10-10
audio/se/SE_snowglobe.ogg|0|7619|7619|713|86447448|86455067|10-10
audio/se/SE_something_ALT 2.ogg|0|11090|11090|714|86455067|86466157|10-10
audio/se/SE_something_ALT.ogg|0|11090|11090|714|86455067|86466157|10-10
audio/se/SE_something_disappears.ogg|0|20748|20748|289|80201486|80222234|9-9
audio/se/SE_sorry.ogg|0|4349|4349|715|86466157|86470506|10-10
audio/se/SE_spaceBFlaser.ogg|0|2635|2635|404|83876926|83879561|10-10
audio/se/SE_spider_business.ogg|0|8482|8482|716|86470506|86478988|10-10
audio/se/SE_spider_swarm.ogg|0|2935|2935|717|86478988|86481923|10-10
audio/se/SE_spiral_down.ogg|0|22169|22169|718|86481923|86504092|10-10
audio/se/SE_spiral_up.ogg|0|14973|14973|719|86504092|86519065|10-10
audio/se/SE_spit.ogg|0|3723|3723|720|86519065|86522788|10-10
audio/se/SE_spooks.ogg|0|4180|4180|721|86522788|86526968|10-10
audio/se/SE_spray.ogg|0|2562|2562|722|86526968|86529530|10-10
audio/se/SE_sprout_crowd.ogg|0|19940|19940|723|86529530|86549470|10-10
audio/se/SE_sprout_crowd2.ogg|0|10956|10956|724|86549470|86560426|10-10
audio/se/SE_sprout_mole1.ogg|0|1645|1645|725|86560426|86562071|10-10
audio/se/SE_sprout_mole2.ogg|0|1622|1622|726|86562071|86563693|10-10
audio/se/SE_squeak.ogg|0|1612|1612|727|86563693|86565305|10-10
audio/se/SE_stairs_down.ogg|0|1773|1773|728|86565305|86567078|10-10
audio/se/SE_stairs_up.ogg|0|1833|1833|729|86567078|86568911|10-10
audio/se/SE_static.ogg|0|5625|5625|730|86568911|86574536|10-10
audio/se/SE_sucks_a_LOT.ogg|0|69967|69967|731|86574536|86644503|10-10
audio/se/SE_tissue.ogg|0|1293|1293|732|86644503|86645796|10-10
audio/se/SE_train_whistle.ogg|0|19131|19131|733|86645796|86664927|10-10
audio/se/SE_tube_crack.ogg|0|4523|4523|734|86664927|86669450|10-10
audio/se/SE_tube_fillup.ogg|0|12360|12360|735|86669450|86681810|10-10
audio/se/SE_turn_page.ogg|0|4416|4416|736|86681810|86686226|10-10
audio/se/SE_tv_off.ogg|0|1320|1320|737|86686226|86687546|10-10
audio/se/SE_whirlpool copy.ogg|0|5512|5512|738|86687546|86693058|10-10
audio/se/SE_whispers.ogg|0|69451|69451|248|74967310|75036761|9-9
audio/se/SE_whistle_crue.ogg|0|3239|3239|739|86693058|86696297|10-10
audio/se/SE_whistle_ems.ogg|0|3239|3239|739|86693058|86696297|10-10
audio/se/SE_whistle_pluto.ogg|0|3239|3239|739|86693058|86696297|10-10
audio/se/SSFX_Blur.ogg|0|993|993|740|86696297|86697290|10-10
audio/se/SSFX_Distort.ogg|0|993|993|740|86696297|86697290|10-10
audio/se/SSFX_Glow.ogg|0|993|993|740|86696297|86697290|10-10
audio/se/SSFX_Shake.ogg|0|993|993|740|86696297|86697290|10-10
audio/se/SSFX_Wave.ogg|0|993|993|740|86696297|86697290|10-10
audio/se/SSFX_ZoomBlur.ogg|0|993|993|740|86696297|86697290|10-10
audio/se/SYS_NewSkill.ogg|0|5520|5520|741|86697290|86702810|10-10
audio/se/SYS_cha_ching.ogg|0|6833|6833|742|86702810|86709643|10-10
audio/se/SYS_cursor.ogg|0|648|648|743|86709643|86710291|10-10
audio/se/SYS_cut.ogg|0|3275|3275|744|86710291|86713566|10-10
audio/se/SYS_enemy_contact_1.ogg|0|12986|12986|354|82920316|82933302|10-10
audio/se/SYS_item.ogg|0|11137|11137|745|86713566|86724703|10-10
audio/se/SYS_move.ogg|0|531|531|746|86724703|86725234|10-10
audio/se/SYS_picnic.ogg|0|4652|4652|747|86725234|86729886|10-10
audio/se/SYS_quest_complete.ogg|0|5541|5541|748|86729886|86735427|10-10
audio/se/SYS_quest_get.ogg|0|6625|6625|749|86735427|86742052|10-10
audio/se/SYS_save.ogg|0|5701|5701|750|86742052|86747753|10-10
audio/se/SYS_select.ogg|0|807|807|751|86747753|86748560|10-10
audio/se/SYS_super_smash_impact.ogg|0|6263|6263|752|86748560|86754823|10-10
audio/se/SYS_tag1.ogg|0|1503|1503|753|86754823|86756326|10-10
audio/se/SYS_tag2.ogg|0|2077|2077|754|86756326|86758403|10-10
audio/se/SYS_tag3.ogg|0|3225|3225|755|86758403|86761628|10-10
audio/se/SYS_text.ogg|0|340|340|756|86761628|86761968|10-10
audio/se/SYS_throw 2.ogg|0|2137|2137|757|86761968|86764105|10-10
audio/se/SYS_throw.ogg|0|2137|2137|757|86761968|86764105|10-10
audio/se/SYS_watermelon.ogg|0|623|623|758|86764105|86764728|10-10
audio/se/SYS_you died_2.ogg|0|5001|5001|759|86764728|86769729|10-10
audio/se/SYS_you_died.ogg|0|15338|15338|760|86769729|86785067|10-10
audio/se/Shop2.ogg|0|2185|2185|761|86785067|86787252|10-10
audio/se/Skill2.ogg|0|3107|3107|762|86787252|86790359|10-10
audio/se/Slots_Cha-Ching.ogg|0|2479|2479|763|86790359|86792838|10-10
audio/se/Slots_GainMoney.ogg|0|401|401|764|86792838|86793239|10-10
audio/se/Slots_Lose.ogg|0|4973|4973|765|86793239|86798212|10-10
audio/se/Slots_Spin.ogg|0|45423|45423|766|86798212|86843635|10-10
audio/se/Slots_Stop.ogg|0|3288|3288|767|86843635|86846923|10-10
audio/se/Slots_Win.ogg|0|5420|5420|768|86846923|86852343|10-10
audio/se/Thunder9.ogg|0|5604|5604|769|86852343|86857947|10-10
audio/se/Ti Stretched.ogg|0|8723|8723|770|86857947|86866670|10-10
audio/se/[BA]stat_down.ogg|0|4064|4064|771|86866670|86870734|10-10
audio/se/[SE]-TEXT.ogg|0|305|305|772|86870734|86871039|10-10
audio/se/[SE]swish.ogg|0|932|932|773|86871039|86871971|10-10
audio/se/[sfx]battle_ekg_beep.ogg|0|3928|3928|774|86871971|86875899|10-10
audio/se/amb_3_4_metronome.ogg|0|52518|52518|261|76632931|76685449|9-9
audio/se/ba_bug_buzz.ogg|0|4114|4114|775|86875899|86880013|10-10
audio/se/ba_call_for_help_spider.ogg|0|3610|3610|776|86880013|86883623|10-10
audio/se/ba_flex.ogg|0|3315|3315|777|86883623|86886938|10-10
audio/se/ba_goop.ogg|0|3656|3656|778|86886938|86890594|10-10
audio/se/ba_happy_music.ogg|0|6965|6965|779|86890594|86897559|10-10
audio/se/clambox_1.ogg|0|73629|73629|85|24974972|25048601|3-3
audio/se/clambox_2.ogg|0|36857|36857|86|25048601|25085458|3-3
audio/se/clambox_3.ogg|0|63309|63309|87|25085458|25148767|3-3
audio/se/clambox_4.ogg|0|34625|34625|88|25148767|25183392|3-3
audio/se/clambox_5.ogg|0|47048|47048|89|25183392|25230440|3-3
audio/se/clambox_6.ogg|0|70075|70075|90|25230440|25300515|3-3
audio/se/clambox_7.ogg|0|53268|53268|91|25300515|25353783|3-3
audio/se/clambox_8.ogg|0|11651|11651|92|25353783|25365434|3-3
audio/se/cutscene_stress_out.ogg|0|21571|21571|780|86897559|86919130|10-10
audio/se/cutscene_the_truth.ogg|0|49083|49083|781|86919130|86968213|10-10
audio/se/cutscene_true_form.ogg|0|58337|58337|782|86968213|87026550|10-10
audio/se/ft_2.ogg|0|493|493|783|87026550|87027043|10-10
audio/se/ft_3.ogg|0|802|802|784|87027043|87027845|10-10
audio/se/ft_big_reverb.ogg|0|2451|2451|785|87027845|87030296|10-10
audio/se/ft_crunchy1.ogg|0|645|645|786|87030296|87030941|10-10
audio/se/ft_doShake.ogg|0|5749|5749|787|87030941|87036690|10-10
audio/se/ft_gloop.ogg|0|484|484|788|87036690|87037174|10-10
audio/se/ft_gross.ogg|0|563|563|789|87037174|87037737|10-10
audio/se/ft_ladder.ogg|0|364|364|790|87037737|87038101|10-10
audio/se/ft_mud.ogg|0|866|866|791|87038101|87038967|10-10
audio/se/ft_sand.ogg|0|643|643|792|87038967|87039610|10-10
audio/se/ft_wet.ogg|0|284|284|793|87039610|87039894|10-10
audio/se/gen_just_smash.ogg|0|4839|4839|794|87039894|87044733|10-10
audio/se/mini_bj_cardplace.ogg|0|485|485|795|87044733|87045218|10-10
audio/se/mini_bj_lose.ogg|0|6454|6454|796|87045218|87051672|10-10
audio/se/mini_bj_win.ogg|0|13241|13241|797|87051672|87064913|10-10
audio/se/mini_coj_draw.ogg|0|1547|1547|798|87064913|87066460|10-10
audio/se/mini_coj_hit.ogg|0|899|899|799|87066460|87067359|10-10
audio/se/mini_coj_hurt.ogg|0|967|967|800|87067359|87068326|10-10
audio/se/mini_coj_lose.ogg|0|8254|8254|801|87068326|87076580|10-10
audio/se/mini_coj_win.ogg|0|6905|6905|802|87076580|87083485|10-10
audio/se/mini_coj_windup.ogg|0|831|831|803|87083485|87084316|10-10
audio/se/mini_csb_crisis_averted.ogg|0|10413|10413|804|87084316|87094729|10-10
audio/se/mini_csb_death.ogg|0|4123|4123|805|87094729|87098852|10-10
audio/se/mini_csb_enemy_ship_dead.ogg|0|4862|4862|806|87098852|87103714|10-10
audio/se/mini_csb_laser.ogg|0|926|926|807|87103714|87104640|10-10
audio/se/mini_csb_start.ogg|0|1927|1927|808|87104640|87106567|10-10
audio/se/mini_sh_button.ogg|0|3033|3033|809|87106567|87109600|10-10
audio/se/mini_sh_ek.ogg|0|958|958|810|87109600|87110558|10-10
audio/se/mini_sh_heart_get.ogg|0|643|643|811|87110558|87111201|10-10
audio/se/mini_sh_powerup.ogg|0|26113|26113|812|87111201|87137314|10-10
audio/se/mini_sh_spike.ogg|0|1931|1931|813|87137314|87139245|10-10
audio/se/mini_sme_die.ogg|0|4379|4379|814|87139245|87143624|10-10
audio/se/mini_sme_eat.ogg|0|708|708|815|87143624|87144332|10-10
audio/se/mini_sme_move.ogg|0|367|367|816|87144332|87144699|10-10
audio/se/mini_sme_start.ogg|0|4282|4282|817|87144699|87148981|10-10
audio/se/mini_sweep.ogg|0|2408|2408|818|87148981|87151389|10-10
audio/se/mini_wash_dish.ogg|0|1607|1607|819|87151389|87152996|10-10
audio/se/placeholder.ogg|0|2498|2498|464|84339950|84342448|10-10
audio/se/se_BiteCreakBloodJuicy_002.ogg|0|20518|20518|820|87152996|87173514|10-10
audio/se/se_SAC_1_Bounced_7.ogg|0|18740|18740|821|87173514|87192254|10-10
audio/se/se_basil_splash.ogg|0|8948|8948|822|87192254|87201202|10-10
audio/se/se_big_gate2.ogg|0|4269|4269|823|87201202|87205471|10-10
audio/se/se_bike_bell.ogg|0|11667|11667|824|87205471|87217138|10-10
audio/se/se_bikechime.ogg|0|11667|11667|824|87205471|87217138|10-10
audio/se/se_bird1.ogg|0|1998|1998|825|87217138|87219136|10-10
audio/se/se_bird2.ogg|0|1291|1291|826|87219136|87220427|10-10
audio/se/se_bump_fall.ogg|0|2280|2280|827|87220427|87222707|10-10
audio/se/se_bumpy1.ogg|0|1696|1696|828|87222707|87224403|10-10
audio/se/se_bumpy2.ogg|0|1968|1968|829|87224403|87226371|10-10
audio/se/se_car_alarm.ogg|0|4421|4421|830|87226371|87230792|10-10
audio/se/se_chimera_break.ogg|0|5408|5408|831|87230792|87236200|10-10
audio/se/se_convenience_door.ogg|0|4737|4737|832|87236200|87240937|10-10
audio/se/se_crank_tiny.ogg|0|4297|4297|833|87240937|87245234|10-10
audio/se/se_dog1.ogg|0|766|766|834|87245234|87246000|10-10
audio/se/se_door_chime.ogg|0|14373|14373|835|87246000|87260373|10-10
audio/se/se_door_default.ogg|0|3214|3214|836|87260373|87263587|10-10
audio/se/se_doorknock.ogg|0|3684|3684|837|87263587|87267271|10-10
audio/se/se_elevator.ogg|0|8977|8977|838|87267271|87276248|10-10
audio/se/se_elevator_ding.ogg|0|7213|7213|839|87276248|87283461|10-10
audio/se/se_evil1.ogg|0|4163|4163|840|87283461|87287624|10-10
audio/se/se_evil2.ogg|0|4124|4124|841|87287624|87291748|10-10
audio/se/se_evil3.ogg|0|35205|35205|286|80143551|80178756|9-9
audio/se/se_evil6.ogg|0|19500|19500|842|87291748|87311248|10-10
audio/se/se_evil7.ogg|0|8400|8400|843|87311248|87319648|10-10
audio/se/se_evil9.ogg|0|12434|12434|844|87319648|87332082|10-10
audio/se/se_evilbugs3.ogg|0|16870|16870|845|87332082|87348952|10-10
audio/se/se_fall.ogg|0|5581|5581|846|87348952|87354533|10-10
audio/se/se_feedback.ogg|0|5048|5048|847|87354533|87359581|10-10
audio/se/se_fire_whoosh.ogg|0|2082|2082|848|87359581|87361663|10-10
audio/se/se_funeral.ogg|0|37244|37244|849|87361663|87398907|10-10
audio/se/se_gacha_crank.ogg|0|4519|4519|850|87398907|87403426|10-10
audio/se/se_gacha_hit.ogg|0|8641|8641|851|87403426|87412067|10-10
audio/se/se_gate_rattle.ogg|0|4698|4698|852|87412067|87416765|10-10
audio/se/se_glitches1.ogg|0|6526|6526|853|87416765|87423291|10-10
audio/se/se_glitches2.ogg|0|1796|1796|854|87423291|87425087|10-10
audio/se/se_glitches3.ogg|0|1347|1347|855|87425087|87426434|10-10
audio/se/se_guitar_strum_1.ogg|0|8073|8073|856|87426434|87434507|10-10
audio/se/se_guitar_strum_2.ogg|0|6553|6553|857|87434507|87441060|10-10
audio/se/se_impact_double.ogg|0|9367|9367|858|87441060|87450427|10-10
audio/se/se_impact_soft.ogg|0|2462|2462|859|87450427|87452889|10-10
audio/se/se_jump.ogg|0|760|760|860|87452889|87453649|10-10
audio/se/se_laugh_child.ogg|0|6427|6427|861|87453649|87460076|10-10
audio/se/se_microwave.ogg|0|12153|12153|862|87460076|87472229|10-10
audio/se/se_plop copy.ogg|0|888|888|863|87472229|87473117|10-10
audio/se/se_plop2.ogg|0|1307|1307|864|87473117|87474424|10-10
audio/se/se_poison.ogg|0|775|775|865|87474424|87475199|10-10
audio/se/se_quicksand.ogg|0|5508|5508|866|87475199|87480707|10-10
audio/se/se_reveal.ogg|0|27241|27241|867|87480707|87507948|10-10
audio/se/se_roll.ogg|0|17550|17550|287|80178756|80196306|9-9
audio/se/se_screech.ogg|0|8325|8325|868|87507948|87516273|10-10
audio/se/se_shopping_cart.ogg|0|2607|2607|869|87516273|87518880|10-10
audio/se/se_slidingdoor.ogg|0|7509|7509|870|87518880|87526389|10-10
audio/se/se_slime_tube.ogg|0|2448|2448|871|87526389|87528837|10-10
audio/se/se_stonemove_1.ogg|0|5180|5180|288|80196306|80201486|9-9
audio/se/se_stonemove_2.ogg|0|4099|4099|872|87528837|87532936|10-10
audio/se/se_stupid.ogg|0|2281|2281|873|87532936|87535217|10-10
audio/se/se_teleport_2.ogg|0|6478|6478|874|87535217|87541695|10-10
audio/se/se_thing.ogg|0|5831|5831|875|87541695|87547526|10-10
audio/se/se_thunder_bolt.ogg|0|9678|9678|876|87547526|87557204|10-10
audio/se/se_tree_rustle.ogg|0|5221|5221|877|87557204|87562425|10-10
audio/se/se_whirlpool.ogg|0|6852|6852|878|87562425|87569277|10-10
audio/se/solo_duet.ogg|0|160602|160602|189|61376047|61536649|7-7
audio/se/sys_PA_page_flip.ogg|0|996|996|879|87569277|87570273|10-10
audio/se/sys_PA_photo_flip.ogg|0|1054|1054|880|87570273|87571327|10-10
audio/se/sys_PA_place_photo.ogg|0|810|810|881|87571327|87572137|10-10
audio/se/sys_blackletter1.ogg|0|8114|8114|882|87572137|87580251|10-10
audio/se/sys_blackletter2.ogg|0|6848|6848|883|87580251|87587099|10-10
audio/se/sys_buzzer.ogg|0|1315|1315|884|87587099|87588414|10-10
audio/se/sys_buzzer2.ogg|0|795|795|885|87588414|87589209|10-10
audio/se/sys_cancel.ogg|0|765|765|886|87589209|87589974|10-10
audio/se/sys_chalk.ogg|0|2084|2084|887|87589974|87592058|10-10
audio/se/sys_chalk2.ogg|0|4821|4821|888|87592058|87596879|10-10
audio/se/sys_cursor1.ogg|0|543|543|889|87596879|87597422|10-10
audio/se/sys_equip.ogg|0|2283|2283|890|87597422|87599705|10-10
audio/se/sys_menu2.ogg|0|709|709|891|87599705|87600414|10-10
audio/se/title.ogg|0|206026|206026|892|87600414|87806440|10-10
audio/se/toast_1_G_correct.ogg|0|948|948|893|87806440|87807388|10-10
audio/se/toast_2_A_correct.ogg|0|953|953|894|87807388|87808341|10-10
audio/se/toast_3_B_correct.ogg|0|980|980|895|87808341|87809321|10-10
audio/se/toast_4_C2_correct.ogg|0|951|951|896|87809321|87810272|10-10
audio/se/toast_A.ogg|0|916|916|897|87810272|87811188|10-10
audio/se/toast_A_sharp.ogg|0|1097|1097|898|87811188|87812285|10-10
audio/se/toast_B.ogg|0|982|982|899|87812285|87813267|10-10
audio/se/toast_C.ogg|0|1828|1828|900|87813267|87815095|10-10
audio/se/toast_C2.ogg|0|1262|1262|901|87815095|87816357|10-10
audio/se/toast_C_sharp.ogg|0|1713|1713|902|87816357|87818070|10-10
audio/se/toast_D.ogg|0|849|849|903|87818070|87818919|10-10
audio/se/toast_D_sharp.ogg|0|1223|1223|904|87818919|87820142|10-10
audio/se/toast_E.ogg|0|1510|1510|905|87820142|87821652|10-10
audio/se/toast_F.ogg|0|988|988|906|87821652|87822640|10-10
audio/se/toast_F_sharp.ogg|0|1706|1706|907|87822640|87824346|10-10
audio/se/toast_G.ogg|0|2705|2705|908|87824346|87827051|10-10
audio/se/toast_G_sharp.ogg|0|1552|1552|909|87827051|87828603|10-10
audio/se/xx_fish_song.ogg|0|144432|144432|309|82461939|82606371|10-10
audio/se/xx_kel_whistle.ogg|0|106273|106273|910|87828603|87934876|10-10
audio/se/xx_piano_aubrey.ogg|0|68781|68781|220|71676739|71745520|8-8
audio/se/xx_piano_hero.ogg|0|81273|81273|911|87934876|88016149|10-10
audio/se/xx_piano_kel.ogg|0|43561|43561|222|71833658|71877219|8-8
audio/se/xx_piano_omori.ogg|0|87268|87268|223|71877219|71964487|8-8
audio/se/|0|0|0|0|0|0|0-0
audio/|0|0|0|0|0|0|0-0
